0.001616335
0.009692893
0.011491603
0.049951267
0.069245017
0.101375575
0.123406987
0.130763637
0.269413105
0.375549786
0.406471787
0.433775164
0.434553872
0.445624072
0.470700763
0.471692536
0.476526607
0.518598779
0.52348573
0.610540228
0.630497825
0.644593355
0.644906422
0.656735297
0.662680469
0.689112892
0.749543567
0.751282247
0.755264725
0.755600354
0.838245989
0.849913721
0.864872737
0.880489249
0.88115306
0.913294309
0.9136929
0.940693877
0.978726949
0.990935195